layout_spectrum: 1
color:
  saturation: 0.09318996
  brandStrength: 0.9186779
  lightness: 0.1164875
  rhythmicContrast: 0.6290323
typography_spectrum: 0.06810036
name: Jeremiah Sahabu Photography
